00000000000001010000
00000000000101000001
00000000001000110010
00000000001100100011
00000000010000010100
00000000011000000110
00000000011011110111
00000000011111101000
00000000100011011001
00000000100111001010
00000000101010111011
00000000101110101100
00000000110010011101
00000000110110001110
00000000111001111111
00000000111101010000
00000001000001000001
00000001000100110010
00000001001000100011
00000001001100010100
00000001010100000110
00000001010111110111
00000001011011101000
00000001011111011001
00000001100011001010
00000001100110111011
00000001101010101100
00000001101110011101
00000001110010001110
00000001110101111111
