00000000000010010000
00000000000110000001
00000000001001110010
00000000001101100011
00000000010001010100
00000000010101000101
00000000011000110110
00000000011100100111
00000000100000011000
00000000101000001010
00000000101011111011
00000000101111101100
00000000110011011101
00000000110111001110
00000000111010111111
00000000111110010000
00000001000010000001
00000001000101110010
00000001001001100011
00000001001101010100
00000001010001000101
00000001010100110110
00000001011000100111
00000001011100011000
00000001100100001010
00000001100111111011
00000001101011101100
00000001101111011101
00000001110011001110
00000001110110111111
