00000000000010100000
00000000000110010001
00000000001010000010
00000000001101110011
00000000010001100100
00000000010101010101
00000000011001000110
00000000011100110111
00000000100000101000
00000000100100011001
00000000101100001011
00000000101111111100
00000000110011101101
00000000110111011110
00000000111011001111
00000000111110100000
00000001000010010001
00000001000110000010
00000001001001110011
00000001001101100100
00000001010001010101
00000001010101000110
00000001011000110111
00000001011100101000
00000001100000011001
00000001101000001011
00000001101011111100
00000001101111101101
00000001110011011110
00000001110111001111
