00000000000011010000
00000000000111000001
00000000001010110010
00000000001110100011
00000000010010010100
00000000010110000101
00000000011001110110
00000000011101100111
00000000100001011000
00000000100101001001
00000000101000111010
00000000101100101011
00000000110000011100
00000000111000001110
00000000111011111111
00000000111111010000
00000001000011000001
00000001000110110010
00000001001010100011
00000001001110010100
00000001010010000101
00000001010101110110
00000001011001100111
00000001011101011000
00000001100001001001
00000001100100111010
00000001101000101011
00000001101100011100
00000001110100001110
00000001110111111111
