00000000000001110000
00000000000101100001
00000000001001010010
00000000001101000011
00000000010000110100
00000000010100100101
00000000011000010110
00000000100000001000
00000000100011111001
00000000100111101010
00000000101011011011
00000000101111001100
00000000110010111101
00000000110110101110
00000000111010011111
00000000111101110000
00000001000001100001
00000001000101010010
00000001001001000011
00000001001100110100
00000001010000100101
00000001010100010110
00000001011100001000
00000001011111111001
00000001100011101010
00000001100111011011
00000001101011001100
00000001101110111101
00000001110010101110
00000001110110011111
